1	7 
2	8 
3	2 
4	3 
5	2 
6	1 
7	3 
8	3 
9	10 
10	2 
11	6 
12	3 
13	3 
14	9 
15	4 
16	4 
17	1 
18	8 
19	6 
20	3 
21	9 
22	2 
23	12 
24	4 
25	9 
26	1 
27	12 
28	8 
29	8 
30	9 
31	2 
32	6 
33	3 
34	13 
35	10 
36	6 
37	8 
38	11 
39	12 
40	10 
41	10 
42	3 
43	13 
44	7 
45	6 
46	10 
47	6 
48	4 
49	3 
50	10 
51	13 
52	6 
53	10 
54	2 
55	4 
56	7 
57	9 
58	1 
59	11 
60	2 
61	2 
62	4 
63	13 
64	4 
65	13 
66	3 
67	11 
68	2 
69	8 
70	10 
71	2 
72	8 
73	4 
74	4 
75	2 
76	5 
77	5 
78	4 
79	10 
80	1 
81	3 
82	3 
83	4 
84	4 
85	6 
86	7 
87	4 
88	12 
89	7 
90	3 
91	10 
92	4 
93	11 
94	8 
95	9 
96	8 
97	3 
98	5 
99	11 
100	9 
101	7 
102	3 
103	3 
104	10 
105	13 
106	10 
107	13 
108	12 
109	10 
110	1 
111	10 
112	5 
113	10 
114	6 
115	6 
116	3 
117	8 
118	11 
119	10 
120	13 
121	10 
122	8 
123	11 
124	10 
125	9 
126	2 
127	10 
128	1 
129	4 
130	3 
131	9 
132	3 
133	9 
134	7 
135	4 
136	3 
137	8 
138	5 
139	13 
140	13 
141	5 
142	1 
143	12 
144	6 
145	9 
146	3 
147	10 
148	7 
149	11 
150	6 
151	7 
152	12 
153	2 
154	3 
155	3 
156	11 
157	2 
158	1 
159	4 
160	9 
161	5 
162	9 
163	4 
164	5 
165	2 
166	1 
167	11 
168	5 
169	7 
170	7 
171	1 
172	9 
173	13 
174	3 
175	10 
176	2 
177	12 
178	5 
179	11 
180	11 
181	11 
182	6 
183	12 
184	7 
185	7 
186	4 
187	13 
188	3 
189	2 
190	4 
191	10 
192	11 
193	4 
194	2 
195	2 
196	6 
197	2 
198	5 
199	7 
200	6 
201	3 
202	7 
203	6 
204	9 
205	10 
206	2 
207	11 
208	1 
209	6 
210	3 
211	9 
212	10 
213	6 
214	4 
215	7 
216	11 
217	7 
218	8 
219	4 
220	11 
221	6 
222	10 
223	3 
224	1 
225	4 
226	13 
227	6 
228	10 
229	10 
230	1 
231	4 
232	1 
233	3 
234	11 
235	10 
236	11 
237	9 
238	3 
239	7 
240	10 
241	4 
242	1 
243	9 
244	10 
245	5 
246	8 
247	4 
248	9 
249	6 
250	3 
251	9 
252	9 
253	8 
254	7 
255	1 
256	3 
257	6 
258	8 
259	9 
260	13 
261	11 
262	5 
263	6 
264	2 
265	13 
266	11 
267	3 
268	3 
269	9 
270	3 
271	7 
272	3 
273	4 
274	4 
275	3 
276	13 
277	3 
278	12 
279	12 
280	6 
281	2 
282	12 
283	12 
284	4 
285	11 
286	3 
287	13 
288	1 
289	12 
290	2 
291	4 
292	3 
293	4 
294	11 
295	13 
296	2 
297	2 
298	13 
299	12 
300	9 
301	6 
302	3 
303	4 
304	6 
305	3 
306	3 
307	5 
308	8 
309	11 
310	2 
311	10 
312	4 
313	12 
314	5 
315	13 
316	11 
317	7 
318	13 
319	10 
320	9 
321	3 
322	11 
323	11 
324	11 
325	4 
326	5 
327	2 
328	10 
329	4 
330	4 
331	8 
332	12 
333	7 
334	9 
335	9 
336	8 
337	3 
338	10 
339	1 
340	5 
341	2 
342	12 
343	11 
344	10 
345	13 
346	2 
347	2 
348	13 
349	7 
350	2 
351	3 
352	11 
353	7 
354	10 
355	13 
356	3 
357	3 
358	6 
359	6 
360	10 
361	7 
362	6 
363	5 
364	5 
365	2 
366	9 
367	3 
368	10 
369	13 
370	11 
371	2 
372	12 
373	7 
374	1 
375	13 
376	1 
377	1 
378	8 
379	8 
380	7 
381	1 
382	1 
383	3 
384	7 
385	3 
386	3 
387	5 
388	13 
389	5 
390	12 
391	7 
392	10 
393	6 
394	3 
395	9 
396	6 
397	11 
398	1 
399	13 
400	4 
401	10 
402	10 
403	8 
404	1 
405	3 
406	8 
407	9 
408	5 
409	3 
410	4 
411	10 
412	1 
413	7 
414	11 
415	10 
416	7 
417	1 
418	7 
419	2 
420	12 
421	3 
422	6 
423	1 
424	4 
425	3 
426	10 
427	10 
428	4 
429	2 
430	3 
431	8 
432	5 
433	13 
434	7 
435	8 
436	7 
437	2 
438	12 
439	4 
440	2 
441	6 
442	12 
443	5 
444	12 
445	3 
446	2 
447	11 
448	4 
449	7 
450	7 
451	3 
452	1 
453	13 
454	4 
455	13 
456	8 
457	6 
458	1 
459	7 
460	2 
461	1 
462	9 
463	6 
464	3 
465	5 
466	5 
467	4 
468	8 
469	13 
470	8 
471	10 
472	10 
473	1 
474	13 
475	10 
476	9 
477	7 
478	11 
479	7 
480	8 
481	9 
482	6 
483	3 
484	6 
485	10 
486	6 
487	11 
488	3 
489	12 
490	10 
491	9 
492	3 
493	6 
494	9 
495	1 
496	9 
497	1 
498	9 
499	12 
500	1 
501	3 
502	13 
503	10 
504	2 
505	10 
506	2 
507	6 
508	9 
509	10 
510	4 
511	6 
512	3 
513	6 
514	10 
515	10 
516	6 
517	11 
518	2 
519	13 
520	3 
521	10 
522	12 
523	9 
524	12 
525	2 
526	11 
527	3 
528	1 
529	4 
530	11 
531	12 
532	1 
533	5 
534	2 
535	4 
536	6 
537	11 
538	10 
539	9 
540	10 
541	2 
542	2 
543	1 
544	10 
545	8 
546	1 
547	3 
548	1 
549	4 
550	10 
551	13 
552	10 
553	4 
554	12 
555	3 
556	8 
557	5 
558	9 
559	4 
560	1 
561	6 
562	2 
563	6 
564	11 
565	13 
566	10 
567	1 
568	13 
569	11 
570	8 
571	10 
572	3 
573	3 
574	4 
575	10 
576	4 
577	9 
578	6 
579	1 
580	8 
581	9 
582	13 
583	1 
584	11 
585	2 
586	11 
587	3 
588	13 
589	3 
590	11 
591	3 
592	6 
593	5 
594	8 
595	4 
596	3 
597	11 
598	1 
599	13 
600	6 
601	5 
602	7 
603	8 
604	4 
605	5 
606	1 
607	13 
608	11 
609	12 
610	10 
611	4 
612	9 
613	5 
614	11 
615	2 
616	6 
617	8 
618	1 
619	11 
620	7 
621	10 
622	4 
623	13 
624	10 
625	3 
626	6 
627	5 
628	10 
629	4 
630	12 
631	4 
632	4 
633	11 
634	3 
635	9 
636	3 
637	4 
638	11 
639	7 
640	7 
641	13 
642	6 
643	9 
644	8 
645	10 
646	9 
647	11 
648	2 
649	3 
650	7 
651	7 
652	10 
653	5 
654	9 
655	10 
656	7 
657	1 
658	2 
659	7 
660	11 
661	9 
662	11 
663	10 
664	4 
665	12 
666	12 
667	2 
668	4 
669	12 
670	7 
671	8 
672	3 
673	11 
674	2 
675	13 
676	12 
677	11 
678	8 
679	6 
680	8 
681	1 
682	11 
683	9 
684	9 
685	8 
686	5 
687	9 
688	9 
689	11 
690	4 
691	11 
692	6 
693	6 
694	1 
695	4 
696	8 
697	4 
698	9 
699	1 
700	4 
701	12 
702	6 
703	3 
704	1 
705	6 
706	8 
707	7 
708	8 
709	8 
710	3 
711	13 
712	1 
713	2 
714	6 
715	10 
716	2 
717	4 
718	9 
719	1 
720	12 
721	4 
722	2 
723	3 
724	7 
725	2 
726	6 
727	10 
728	10 
729	4 
730	4 
731	2 
732	3 
733	3 
734	2 
735	13 
736	12 
737	1 
738	9 
739	3 
740	2 
741	7 
742	4 
743	13 
744	3 
745	12 
746	1 
747	3 
748	8 
749	3 
750	4 
751	4 
752	13 
753	4 
754	6 
755	7 
756	5 
757	11 
758	4 
759	9 
760	1 
761	3 
762	9 
763	2 
764	9 
765	9 
766	9 
767	7 
768	6 
769	2 
770	2 
771	11 
772	4 
773	7 
774	1 
775	4 
776	12 
777	11 
778	6 
779	3 
780	10 
781	4 
782	8 
783	12 
784	9 
785	9 
786	10 
787	8 
788	6 
789	1 
790	8 
791	1 
792	8 
793	3 
794	4 
795	13 
796	12 
797	8 
798	11 
799	7 
800	11 
801	12 
802	5 
803	9 
804	13 
805	2 
806	11 
807	8 
808	3 
809	10 
810	4 
811	7 
812	2 
813	13 
814	10 
815	4 
816	4 
817	8 
818	7 
819	6 
820	8 
821	12 
822	8 
823	12 
824	1 
825	2 
826	4 
827	13 
828	7 
829	13 
830	11 
831	12 
832	10 
833	8 
834	3 
835	13 
836	6 
837	3 
838	5 
839	1 
840	3 
841	10 
842	10 
843	3 
844	5 
845	8 
846	1 
847	12 
848	4 
849	3 
850	13 
851	11 
852	6 
853	3 
854	5 
855	1 
856	7 
857	11 
858	6 
859	10 
860	4 
861	9 
862	13 
863	5 
864	4 
865	5 
866	4 
867	2 
868	13 
869	5 
870	13 
871	12 
872	6 
873	1 
874	12 
875	7 
876	10 
877	10 
878	3 
879	3 
880	4 
881	3 
882	5 
883	7 
884	9 
885	3 
886	5 
887	7 
888	11 
889	2 
890	9 
891	5 
892	12 
893	10 
894	8 
895	8 
896	4 
897	3 
898	3 
899	2 
900	10 
901	6 
902	3 
903	3 
904	4 
905	13 
906	10 
907	3 
908	3 
909	3 
910	7 
911	3 
912	3 
913	8 
914	6 
915	2 
916	6 
917	10 
918	4 
919	11 
920	4 
921	10 
922	11 
923	8 
924	10 
925	8 
926	9 
927	4 
928	7 
929	9 
930	5 
931	2 
932	9 
933	7 
934	5 
935	1 
936	7 
937	10 
938	6 
939	3 
940	3 
941	8 
942	6 
943	6 
944	6 
945	6 
946	7 
947	9 
948	7 
949	2 
950	6 
951	1 
952	7 
953	10 
954	7 
955	13 
956	5 
957	10 
958	4 
959	6 
960	9 
961	11 
962	7 
963	9 
964	12 
965	8 
966	7 
967	4 
968	5 
969	5 
970	1 
971	5 
972	10 
973	9 
974	2 
975	11 
976	3 
977	10 
978	9 
979	1 
980	12 
981	10 
982	7 
983	10 
984	9 
985	8 
986	12 
987	6 
988	9 
989	1 
990	13 
991	11 
992	3 
993	9 
994	11 
995	11 
996	6 
997	2 
998	3 
999	1 
1000	4 
