1	12 
2	6 
3	10 
4	7 
5	9 
6	9 
7	8 
8	4 
9	4 
10	1 
11	10 
12	5 
13	4 
14	10 
15	2 
16	4 
17	3 
18	1 
19	7 
20	6 
21	8 
22	5 
23	2 
24	11 
25	9 
26	10 
27	8 
28	7 
29	11 
30	2 
31	7 
32	11 
33	6 
34	11 
35	5 
36	6 
37	10 
38	5 
39	12 
40	11 
41	2 
42	11 
43	3 
44	10 
45	1 
46	2 
47	1 
48	10 
49	1 
50	5 
51	6 
52	7 
53	10 
54	11 
55	5 
56	5 
57	5 
58	9 
59	9 
60	8 
61	9 
62	9 
63	11 
64	11 
65	9 
66	9 
67	4 
68	5 
69	7 
70	1 
71	5 
72	9 
73	5 
74	9 
75	11 
76	7 
77	1 
78	2 
79	12 
80	11 
81	5 
82	10 
83	2 
84	2 
85	9 
86	11 
87	3 
88	9 
89	11 
90	2 
91	3 
92	6 
93	4 
94	10 
95	6 
96	2 
97	12 
98	12 
99	6 
100	5 
101	11 
102	10 
103	1 
104	1 
105	2 
106	9 
107	10 
108	10 
109	12 
110	12 
111	6 
112	6 
113	11 
114	4 
115	11 
116	5 
117	7 
118	11 
119	9 
120	2 
121	2 
122	4 
123	9 
124	11 
125	2 
126	6 
127	8 
128	11 
129	2 
130	6 
131	3 
132	12 
133	5 
134	8 
135	11 
136	2 
137	11 
138	8 
139	11 
140	11 
141	4 
142	1 
143	7 
144	8 
145	8 
146	8 
147	2 
148	12 
149	5 
150	9 
151	12 
152	11 
153	6 
154	10 
155	4 
156	11 
157	1 
158	12 
159	6 
160	9 
161	1 
162	9 
163	5 
164	3 
165	6 
166	6 
167	8 
168	8 
169	12 
170	3 
171	1 
172	3 
173	4 
174	8 
175	5 
176	11 
177	7 
178	7 
179	11 
180	3 
181	12 
182	7 
183	2 
184	3 
185	11 
186	9 
187	8 
188	7 
189	1 
190	8 
191	9 
192	11 
193	2 
194	8 
195	10 
196	5 
197	4 
198	12 
199	7 
200	9 
201	3 
202	6 
203	11 
204	6 
205	4 
206	3 
207	8 
208	4 
209	6 
210	1 
211	2 
212	10 
213	7 
214	10 
215	1 
216	5 
217	5 
218	10 
219	2 
220	2 
221	11 
222	5 
223	6 
224	4 
225	8 
226	5 
227	7 
228	2 
229	2 
230	4 
231	11 
232	11 
233	8 
234	2 
235	7 
236	4 
237	10 
238	11 
239	4 
240	10 
241	1 
242	9 
243	3 
244	10 
245	9 
246	5 
247	7 
248	1 
249	8 
250	1 
251	9 
252	3 
253	9 
254	9 
255	11 
256	10 
257	12 
258	4 
259	2 
260	10 
261	1 
262	3 
263	1 
264	4 
265	2 
266	10 
267	12 
268	9 
269	10 
270	10 
271	6 
272	6 
273	2 
274	8 
275	1 
276	10 
277	12 
278	12 
279	5 
280	1 
281	4 
282	3 
283	7 
284	11 
285	11 
286	12 
287	10 
288	7 
289	9 
290	12 
291	4 
292	12 
293	1 
294	2 
295	11 
296	1 
297	7 
298	7 
299	6 
300	6 
301	8 
302	1 
303	11 
304	9 
305	7 
306	7 
307	9 
308	1 
309	4 
310	8 
311	10 
312	2 
313	2 
314	2 
315	8 
316	7 
317	9 
318	2 
319	10 
320	5 
321	12 
322	11 
323	5 
324	7 
325	10 
326	7 
327	2 
328	11 
329	4 
330	8 
331	5 
332	2 
333	7 
334	12 
335	4 
336	3 
337	4 
338	1 
339	12 
340	1 
341	10 
342	7 
343	11 
344	7 
345	10 
346	9 
347	11 
348	9 
349	2 
350	7 
351	5 
352	4 
353	1 
354	8 
355	10 
356	11 
357	4 
358	2 
359	2 
360	7 
361	8 
362	7 
363	10 
364	5 
365	5 
366	1 
367	4 
368	12 
369	2 
370	8 
371	6 
372	1 
373	5 
374	3 
375	8 
376	4 
377	2 
378	2 
379	4 
380	1 
381	12 
382	1 
383	4 
384	6 
385	12 
386	5 
387	1 
388	4 
389	5 
390	3 
391	2 
392	1 
393	9 
394	11 
395	8 
396	10 
397	5 
398	11 
399	3 
400	8 
401	1 
402	10 
403	10 
404	12 
405	12 
406	2 
407	8 
408	7 
409	10 
410	8 
411	3 
412	5 
413	11 
414	8 
415	12 
416	5 
417	11 
418	5 
419	4 
420	5 
421	5 
422	7 
423	12 
424	10 
425	3 
426	11 
427	10 
428	5 
429	8 
430	5 
431	12 
432	7 
433	12 
434	6 
435	12 
436	2 
437	1 
438	11 
439	2 
440	5 
441	9 
442	7 
443	11 
444	7 
445	11 
446	9 
447	7 
448	12 
449	6 
450	2 
451	1 
452	4 
453	6 
454	3 
455	7 
456	3 
457	1 
458	9 
459	9 
460	3 
461	2 
462	10 
463	6 
464	4 
465	1 
466	1 
467	1 
468	9 
469	6 
470	7 
471	11 
472	10 
473	5 
474	12 
475	9 
476	7 
477	8 
478	7 
479	9 
480	8 
481	9 
482	9 
483	3 
484	10 
485	8 
486	7 
487	11 
488	3 
489	7 
490	2 
491	11 
492	5 
493	12 
494	7 
495	8 
496	6 
497	4 
498	9 
499	2 
500	11 
501	5 
502	5 
503	10 
504	11 
505	11 
506	6 
507	2 
508	11 
509	7 
510	4 
511	7 
512	6 
513	2 
514	9 
515	4 
516	6 
517	9 
518	9 
519	12 
520	7 
521	10 
522	3 
523	7 
524	9 
525	5 
526	5 
527	6 
528	4 
529	10 
530	1 
531	12 
532	11 
533	5 
534	3 
535	12 
536	3 
537	4 
538	10 
539	4 
540	11 
541	3 
542	3 
543	8 
544	7 
545	9 
546	8 
547	10 
548	3 
549	9 
550	10 
551	8 
552	4 
553	10 
554	3 
555	4 
556	4 
557	11 
558	10 
559	12 
560	6 
561	4 
562	9 
563	10 
564	1 
565	5 
566	5 
567	6 
568	8 
569	4 
570	9 
571	3 
572	7 
573	6 
574	10 
575	6 
576	7 
577	9 
578	11 
579	11 
580	5 
581	1 
582	2 
583	12 
584	3 
585	8 
586	8 
587	2 
588	9 
589	7 
590	2 
591	2 
592	10 
593	10 
594	11 
595	5 
596	7 
597	1 
598	11 
599	7 
600	5 
601	11 
602	4 
603	10 
604	1 
605	1 
606	1 
607	8 
608	2 
609	2 
610	6 
611	7 
612	2 
613	5 
614	5 
615	9 
616	8 
617	9 
618	7 
619	7 
620	2 
621	4 
622	9 
623	5 
624	9 
625	6 
626	1 
627	5 
628	3 
629	10 
630	7 
631	3 
632	2 
633	1 
634	10 
635	1 
636	12 
637	12 
638	4 
639	6 
640	11 
641	6 
642	1 
643	5 
644	10 
645	11 
646	6 
647	9 
648	6 
649	7 
650	6 
651	2 
652	11 
653	3 
654	3 
655	2 
656	1 
657	10 
658	4 
659	11 
660	10 
661	2 
662	4 
663	3 
664	2 
665	3 
666	9 
667	6 
668	1 
669	5 
670	12 
671	12 
672	4 
673	7 
674	10 
675	8 
676	10 
677	12 
678	5 
679	4 
680	2 
681	9 
682	1 
683	3 
684	1 
685	5 
686	2 
687	11 
688	7 
689	5 
690	7 
691	8 
692	9 
693	9 
694	2 
695	11 
696	11 
697	4 
698	10 
699	6 
700	1 
701	10 
702	12 
703	3 
704	11 
705	8 
706	1 
707	6 
708	10 
709	8 
710	12 
711	4 
712	2 
713	11 
714	11 
715	8 
716	8 
717	9 
718	5 
719	12 
720	5 
721	11 
722	8 
723	4 
724	9 
725	12 
726	1 
727	10 
728	3 
729	7 
730	9 
731	1 
732	6 
733	4 
734	6 
735	10 
736	12 
737	11 
738	12 
739	2 
740	1 
741	1 
742	6 
743	12 
744	11 
745	1 
746	10 
747	3 
748	11 
749	9 
750	6 
751	8 
752	9 
753	9 
754	12 
755	5 
756	2 
757	1 
758	5 
759	1 
760	7 
761	12 
762	12 
763	10 
764	12 
765	7 
766	11 
767	9 
768	2 
769	12 
770	8 
771	8 
772	7 
773	8 
774	12 
775	10 
776	10 
777	6 
778	12 
779	2 
780	6 
781	10 
782	5 
783	10 
784	7 
785	5 
786	6 
787	7 
788	11 
789	1 
790	8 
791	11 
792	8 
793	6 
794	8 
795	5 
796	1 
797	3 
798	10 
799	10 
800	11 
801	1 
802	1 
803	12 
804	8 
805	12 
806	2 
807	7 
808	9 
809	1 
810	10 
811	8 
812	8 
813	12 
814	1 
815	5 
816	12 
817	6 
818	9 
819	2 
820	8 
821	5 
822	10 
823	8 
824	12 
825	12 
826	12 
827	2 
828	11 
829	1 
830	9 
831	10 
832	2 
833	10 
834	3 
835	11 
836	9 
837	8 
838	9 
839	6 
840	11 
841	5 
842	11 
843	11 
844	10 
845	6 
846	12 
847	12 
848	7 
849	7 
850	9 
851	11 
852	3 
853	10 
854	5 
855	5 
856	8 
857	11 
858	7 
859	12 
860	7 
861	1 
862	3 
863	12 
864	1 
865	7 
866	7 
867	5 
868	11 
869	6 
870	12 
871	10 
872	11 
873	4 
874	7 
875	12 
876	12 
877	12 
878	12 
879	5 
880	12 
881	9 
882	10 
883	1 
884	12 
885	2 
886	4 
887	7 
888	9 
889	7 
890	7 
891	11 
892	1 
893	4 
894	12 
895	10 
896	2 
897	10 
898	2 
899	4 
900	4 
901	6 
902	9 
903	6 
904	7 
905	2 
906	5 
907	12 
908	7 
909	1 
910	8 
911	6 
912	1 
913	7 
914	7 
915	2 
916	2 
917	7 
918	8 
919	12 
920	4 
921	10 
922	4 
923	9 
924	9 
925	4 
926	8 
927	10 
928	12 
929	8 
930	1 
931	9 
932	3 
933	9 
934	6 
935	5 
936	9 
937	1 
938	1 
939	10 
940	7 
941	4 
942	4 
943	8 
944	5 
945	8 
946	1 
947	8 
948	4 
949	5 
950	10 
951	12 
952	6 
953	1 
954	2 
955	8 
956	5 
957	7 
958	1 
959	7 
960	11 
961	9 
962	8 
963	6 
964	8 
965	6 
966	4 
967	9 
968	3 
969	7 
970	2 
971	5 
972	6 
973	6 
974	12 
975	6 
976	10 
977	7 
978	3 
979	8 
980	4 
981	11 
982	6 
983	9 
984	8 
985	4 
986	11 
987	12 
988	2 
989	5 
990	3 
991	9 
992	3 
993	8 
994	2 
995	6 
996	4 
997	9 
998	5 
999	3 
1000	9 
